1000
75 56 53
69 96 28
31 83 25
49 86 5
34 21 80
26 92 27
10 37 85
15 74 4
53 46 81
58 27 76
4 57 29
94 75 65
31 20 6
46 26 68
68 94 26
69 82 83
31 86 25
84 79 64
37 3 58
25 25 97
80 5 56
93 6 84
20 2 14
99 70 86
29 42 62
52 56 84
75 63 74
90 93 62
47 66 68
32 60 75
99 77 4
7 33 36
34 98 65
52 20 71
21 52 78
85 2 99
20 11 46
34 72 48
98 6 75
87 37 39
79 37 2
67 14 93
18 57 73
71 83 38
38 10 22
16 20 69
76 45 72
98 80 87
8 3 76
53 66 72
74 92 31
42 65 78
77 83 58
16 66 96
21 81 30
80 46 30
49 48 55
88 5 55
40 76 92
42 33 100
47 53 21
13 28 46
93 8 68
27 81 7
10 22 55
82 2 69
23 7 39
65 88 97
57 10 21
99 8 69
65 42 19
25 43 2
54 93 10
91 96 80
93 61 47
57 14 13
78 71 68
37 33 18
16 54 82
40 29 7
5 98 52
20 98 70
17 69 21
56 61 7
4 47 1
30 86 56
25 2 9
71 86 34
13 9 61
81 13 32
53 97 9
57 61 15
21 53 4
98 22 42
6 90 18
32 81 7
13 17 1
23 1 19
85 67 94
47 85 3
91 83 54
73 4 82
54 83 44
34 78 21
32 14 83
26 91 40
17 17 24
5 95 26
75 12 4
7 21 17
94 41 86
50 95 41
46 13 25
22 28 37
18 61 15
3 53 40
39 5 87
8 64 34
24 89 95
58 86 97
47 88 38
5 21 40
3 19 75
28 95 98
0 89 69
0 55 55
29 2 60
14 10 10
36 86 34
17 8 18
37 65 24
81 79 13
43 47 33
43 89 76
84 5 4
65 19 26
24 100 35
57 98 14
45 39 5
94 30 67
55 47 53
34 27 91
75 36 52
41 58 27
14 72 37
97 16 13
55 58 79
91 24 30
44 26 6
23 24 41
71 75 25
23 7 3
57 92 78
18 82 44
59 19 85
49 73 97
52 10 20
16 86 46
44 19 7
99 8 47
20 60 5
71 8 8
82 32 14
28 14 70
10 19 4
21 1 14
41 48 10
79 48 79
35 81 8
99 97 98
12 100 82
59 89 41
16 96 54
33 34 86
86 54 55
82 94 57
55 80 45
56 65 95
12 85 59
0 27 62
53 22 1
20 46 39
68 23 60
84 79 48
98 85 64
54 28 31
97 10 17
86 7 52
98 13 29
55 36 81
1 55 20
58 85 42
88 93 40
70 15 34
33 69 55
73 43 35
74 76 22
14 33 90
83 25 47
72 84 72
51 26 61
77 61 9
55 82 52
100 23 20
40 32 40
52 71 98
35 57 4
34 74 94
36 67 58
48 100 7
71 28 4
16 43 68
15 48 19
34 29 29
0 65 91
95 85 18
4 79 33
50 66 61
15 100 82
28 37 95
63 73 6
30 60 84
69 11 77
20 46 63
76 23 47
49 60 88
96 46 9
55 4 97
71 28 11
22 15 99
53 77 48
73 41 26
94 30 5
32 74 85
2 9 3
50 96 59
63 53 74
22 34 52
87 66 72
68 88 23
60 29 94
98 69 74
88 17 98
65 77 89
84 98 55
100 31 11
10 38 38
72 82 11
70 59 36
80 25 64
87 63 13
99 70 27
85 96 27
67 60 99
44 5 97
38 68 94
44 62 13
56 43 8
75 76 37
6 56 93
0 57 27
41 20 71
1 13 64
5 20 37
90 70 34
67 3 26
84 63 23
53 3 4
81 53 85
95 53 33
35 97 48
98 38 32
97 40 45
32 98 7
48 59 23
71 75 75
88 7 40
7 55 65
39 62 18
62 46 8
74 77 38
4 80 61
100 89 96
44 88 41
83 62 4
43 99 74
21 94 36
28 2 36
32 77 66
80 15 95
83 41 63
100 84 31
34 92 69
33 44 96
85 33 65
30 5 25
8 90 85
91 88 3
38 4 40
1 97 39
20 41 6
23 17 75
42 63 85
29 23 13
22 64 65
53 70 66
19 77 96
61 9 64
90 16 86
44 95 98
56 48 75
29 25 59
35 29 87
85 12 5
44 68 69
16 88 96
75 30 25
7 72 10
46 4 73
65 77 76
8 78 93
55 37 9
4 62 87
47 1 94
79 67 41
79 70 92
100 98 41
53 5 47
70 87 37
93 54 6
90 98 72
89 21 73
82 79 96
51 16 83
39 72 57
31 10 68
73 7 6
78 12 26
38 3 52
57 38 52
82 87 30
61 87 41
15 81 30
59 98 12
17 42 4
88 40 84
46 54 18
63 93 100
40 87 59
97 44 60
21 60 67
8 31 78
74 83 52
82 70 56
3 89 85
76 70 22
28 95 81
5 77 17
72 73 82
31 9 97
44 33 42
55 71 46
63 38 11
76 27 10
0 20 25
34 14 7
84 58 8
77 75 53
16 86 48
58 58 81
70 67 75
0 92 67
96 23 79
75 68 11
54 70 59
20 71 63
57 85 91
13 55 55
91 77 4
12 7 78
26 7 46
74 24 4
69 26 21
92 67 54
76 47 70
4 1 83
10 67 92
13 68 39
100 91 18
54 31 99
35 8 16
46 74 16
85 73 67
54 28 35
73 93 3
54 7 5
82 35 76
86 23 47
33 29 79
23 79 47
77 65 16
49 22 17
63 97 5
83 98 82
7 84 22
9 67 98
94 53 82
97 88 98
84 58 56
5 85 97
22 21 46
50 42 68
7 13 96
97 61 94
21 61 42
66 89 30
34 92 25
11 69 57
28 43 83
34 99 40
95 24 55
78 56 13
53 76 77
9 10 84
60 98 27
13 69 20
84 79 77
97 7 12
98 4 46
54 53 91
67 58 20
53 85 73
91 35 47
5 100 52
72 45 65
84 90 1
63 18 95
66 16 67
19 67 40
19 41 36
10 33 33
61 6 25
73 35 23
61 85 22
51 57 31
72 15 93
33 60 68
100 70 91
41 26 27
62 59 95
4 84 60
22 95 30
81 88 84
31 9 89
95 23 15
70 93 6
46 100 80
8 59 6
25 65 34
52 68 11
26 26 94
100 55 38
77 31 9
6 45 79
82 65 54
59 78 24
73 60 73
92 100 81
73 100 14
52 68 7
13 46 10
53 52 65
76 78 55
66 30 100
27 23 13
12 72 15
34 59 57
48 69 67
65 83 43
71 52 15
97 81 53
28 13 37
67 68 52
46 69 58
74 73 98
57 41 42
60 83 20
100 64 45
6 10 20
79 13 6
17 26 74
19 77 72
99 58 92
70 70 72
74 3 72
100 89 79
63 90 6
75 31 59
81 30 41
88 98 52
27 39 58
53 28 74
38 73 58
81 3 94
68 13 87
56 82 23
42 93 63
55 2 71
15 14 85
57 53 73
36 65 62
86 92 88
2 42 20
56 56 52
49 43 41
5 97 10
37 24 17
10 86 69
7 29 92
90 77 46
15 19 12
84 26 67
31 40 41
68 55 29
41 98 74
40 79 88
89 86 90
99 26 64
92 40 17
36 98 27
23 58 58
12 55 55
39 81 80
44 52 32
83 77 98
10 32 14
86 75 33
91 2 12
98 100 65
100 54 94
95 95 17
53 6 61
17 6 40
46 71 15
14 81 78
60 87 90
20 39 43
55 71 19
17 81 100
23 76 96
53 100 79
84 38 75
74 9 58
98 29 77
90 78 19
100 37 76
95 33 26
27 5 38
19 59 93
86 15 32
25 76 48
5 77 3
77 23 24
18 75 8
97 58 73
100 76 79
84 75 56
1 45 6
47 32 85
68 6 13
42 93 80
78 13 34
86 41 9
5 47 9
41 87 80
14 59 83
72 21 28
22 14 70
0 71 40
89 41 20
54 72 3
0 10 42
39 85 37
88 64 68
3 22 39
19 13 36
17 52 13
28 1 34
82 47 30
96 100 18
40 29 19
82 20 52
56 22 38
96 44 13
18 28 91
95 20 58
1 42 57
70 35 42
88 76 98
94 13 95
10 33 21
25 63 58
60 100 78
9 70 2
96 2 72
29 35 24
2 48 25
14 36 81
29 75 87
61 18 70
66 43 12
55 32 37
91 59 33
94 11 37
86 98 75
100 47 93
51 52 94
58 12 24
52 60 75
93 40 71
78 22 46
57 76 70
77 97 48
39 62 19
42 62 90
95 29 87
67 77 35
21 6 39
52 22 97
36 69 53
3 82 67
85 84 21
35 73 75
31 11 98
11 73 54
13 15 75
80 22 42
11 99 92
98 57 37
49 32 95
68 31 60
86 25 64
87 40 57
75 33 74
64 38 29
22 97 31
10 22 75
32 46 61
40 58 61
21 28 21
87 20 40
97 69 86
59 60 85
100 84 72
59 8 29
100 60 84
92 31 9
44 27 57
25 69 7
21 26 87
75 2 67
79 8 72
91 86 32
23 34 79
79 94 60
24 60 67
22 20 89
95 82 27
43 97 35
60 81 83
85 70 9
91 5 25
11 99 88
21 17 22
24 81 77
6 26 84
31 15 100
52 90 42
34 72 75
67 10 77
66 17 16
31 3 8
35 64 17
48 64 69
92 82 14
51 66 33
85 86 56
67 53 15
33 20 79
83 53 23
43 9 84
52 29 5
47 39 84
30 25 5
25 24 95
36 60 91
46 83 61
54 99 95
77 76 20
65 69 32
73 67 79
78 21 43
75 52 73
50 65 61
61 29 41
2 93 86
59 75 32
89 11 13
76 58 19
62 57 13
4 8 40
38 8 35
43 19 26
74 27 60
11 78 3
67 7 97
32 67 10
55 94 1
84 93 54
59 22 76
54 84 77
73 9 85
79 6 30
38 13 25
48 39 20
79 40 83
45 3 87
12 72 83
78 100 69
96 80 66
77 28 9
87 22 56
50 82 26
69 74 98
16 48 34
34 68 35
26 20 90
95 85 81
79 31 94
61 88 67
79 20 6
16 53 10
12 59 63
66 22 24
25 54 15
86 33 83
38 27 52
59 43 87
31 30 58
96 10 58
70 29 55
23 3 100
55 94 47
39 42 75
100 61 33
12 24 3
97 40 88
50 22 86
97 37 34
91 63 85
76 41 73
93 94 28
51 72 5
5 47 66
75 46 17
13 47 81
22 45 39
14 84 31
4 11 83
73 44 1
38 13 28
59 30 95
59 96 91
96 33 27
18 75 3
79 26 26
58 20 9
78 28 15
51 46 69
92 4 28
19 90 69
85 7 21
4 64 27
80 53 38
100 89 76
55 99 81
34 64 3
58 18 38
75 37 68
81 38 43
67 23 25
4 90 64
45 54 78
33 6 28
87 5 14
73 81 29
37 17 62
31 9 91
34 15 71
30 83 16
47 12 95
25 43 87
31 11 66
16 97 9
17 36 76
5 5 86
0 99 43
1 22 6
96 46 59
100 1 1
79 87 63
68 23 92
24 98 37
91 22 82
35 55 63
63 5 13
90 24 63
79 12 10
19 32 19
28 74 83
100 35 40
96 67 6
87 28 17
76 77 73
35 35 60
26 4 85
88 27 3
14 63 94
15 87 67
37 73 10
33 17 14
20 24 95
8 13 21
37 92 57
58 90 100
92 3 36
41 31 52
30 74 67
35 87 31
66 96 69
43 72 63
46 100 56
94 29 22
16 20 13
6 27 73
87 93 35
99 13 4
42 73 40
71 87 7
87 15 84
86 14 22
91 74 34
61 89 91
100 90 10
100 18 7
13 98 74
54 73 68
16 58 42
39 43 22
83 12 56
75 55 81
88 45 37
97 87 65
44 35 57
31 43 35
0 15 62
0 20 21
33 36 11
31 32 20
10 55 27
83 27 46
73 94 6
49 97 30
28 58 46
20 28 98
1 23 28
56 84 29
65 70 12
8 58 1
16 81 32
51 61 95
45 58 33
51 16 84
91 61 19
4 42 74
50 58 100
34 78 66
29 81 85
64 25 83
16 35 59
60 34 72
96 97 9
99 60 89
94 73 33
30 44 90
19 53 6
26 54 1
51 82 15
41 9 44
31 8 81
37 87 64
74 35 91
29 90 66
17 46 54
60 2 68
24 57 38
76 87 22
59 83 100
43 41 16
69 18 21
83 89 31
67 48 15
94 6 97
40 67 34
96 74 56
99 99 99
67 19 16
56 1 93
13 99 9
9 76 39
25 40 82
23 65 87
7 29 86
75 96 31
59 30 79
17 75 28
16 10 4
60 86 100
81 4 75
59 75 48
83 83 38
45 12 15
93 92 92
12 9 17
77 41 62
24 8 15
89 80 24
8 2 87
18 56 55
34 85 73
43 82 18
75 97 39
37 77 96
74 32 16
39 39 55
80 60 28
95 62 96
94 30 1
57 76 73
36 17 39
41 85 26
29 21 89
19 23 85
55 84 13
25 12 74
61 11 97
8 100 13
39 12 84
82 45 77
24 57 9
84 74 99
97 76 47
45 38 11
94 62 11
85 93 63
78 84 95
13 15 91
97 44 64
9 3 8
84 98 25
16 12 2
27 56 28
49 35 2
73 81 87
61 95 87
94 7 87
83 45 78
76 7 28
18 69 54
35 68 35
42 91 58
100 66 7
26 2 42
36 61 83
14 89 2
87 81 48
29 94 95
61 56 2
22 89 58
69 96 3
3 96 47
51 22 21
52 79 8
37 43 86
97 70 4
29 11 42
9 100 8
0 68 90
82 56 91
31 80 31
